0,-0.00061056
0.02,-0.014611
0.04,-0.10861
0.06,-0.10161
0.08,-0.088611
0.1,-0.095611
0.12,-0.12061
0.14,-0.14261
0.16,-0.12861
0.18,-0.11061
0.2,-0.085611
0.22,-0.085611
0.24,-0.13161
0.26,-0.17661
0.28,-0.19461
0.3,-0.16261
0.32,-0.14461
0.34,-0.10861
0.36,-0.082611
0.38,-0.042611
0.4,-0.066611
0.42,-0.13161
0.44,-0.19061
0.46,-0.19661
0.48,-0.066611
0.5,0.029389
0.52,0.14039
0.54,-0.049611
0.56,-0.12861
0.58,-0.14461
0.6,-0.20361
0.62,-0.26061
0.64,-0.32561
0.66,-0.30661
0.68,-0.17261
0.7,-0.19761
0.72,-0.16361
0.74,-0.16461
0.76,-0.067611
0.78,0.024389
0.8,0.14939
0.82,0.23539
0.84,0.25139
0.86,0.33539
0.88,0.46239
0.9,0.49139
0.92,0.41839
0.94,0.35839
0.96,0.27039
0.98,0.23439
1,0.33839
1.02,0.41139
1.04,0.52939
1.06,0.63839
1.08,0.73139
1.1,0.65139
1.12,0.59839
1.14,0.39939
1.16,0.39939
1.18,0.062389
1.2,-0.51561
1.22,-0.78761
1.24,-0.60361
1.26,-0.48461
1.28,-0.25061
1.3,-0.059611
1.32,0.13339
1.34,0.30739
1.36,0.49839
1.38,0.70939
1.4,0.99439
1.42,1.2184
1.44,1.5284
1.46,1.4484
1.48,1.1544
1.5,0.93439
1.52,0.89139
1.54,0.92539
1.56,0.83839
1.58,0.90039
1.6,0.99239
1.62,1.2084
1.64,0.32739
1.66,-1.4756
1.68,-2.0666
1.7,-1.9896
1.72,-2.0346
1.74,-1.8166
1.76,-1.7256
1.78,-1.7526
1.8,-1.7536
1.82,-1.8056
1.84,-1.6306
1.86,-1.3476
1.88,-1.0876
1.9,-0.78261
1.92,-0.42961
1.94,-0.017611
1.96,0.35939
1.98,0.78439
2,1.1634
2.02,1.5974
2.04,1.9594
2.06,2.4114
2.08,2.7284
2.1,3.0354
2.12,3.1994
2.14,3.4164
2.16,2.8204
2.18,2.3234
2.2,-1.1986
2.22,-2.3736
2.24,-1.6406
2.26,-1.8656
2.28,-1.0956
2.3,-0.75361
2.32,-0.17361
2.34,0.11239
2.36,0.53239
2.38,0.89439
2.4,1.1854
2.42,1.7564
2.44,0.57539
2.46,-2.6316
2.48,-1.5476
2.5,-1.7296
2.52,-1.0126
2.54,-0.57961
2.56,0.23639
2.58,-0.67061
2.6,-1.9806
2.62,-1.6416
2.64,-1.6856
2.66,-1.4816
2.68,-1.2316
2.7,-1.0016
2.72,-0.75161
2.74,-0.52361
2.76,-0.27161
2.78,-0.044611
2.8,0.18739
2.82,-0.095611
2.84,-0.43361
2.86,-0.83861
2.88,-0.95161
2.9,-0.71661
2.92,-0.59961
2.94,-0.33461
2.96,-0.10861
2.98,0.18439
3,0.41939
3.02,0.67239
3.04,-0.097611
3.06,-0.37261
3.08,-0.040611
3.1,0.010389
3.12,0.34339
3.14,0.56439
3.16,0.88239
3.18,1.1294
3.2,1.3624
3.22,0.21839
3.24,0.24039
3.26,0.68239
3.28,0.68839
3.3,1.3174
3.32,1.3524
3.34,2.0394
3.36,-0.93161
3.38,-1.3086
3.4,-0.69261
3.42,-0.54661
3.44,0.071389
3.46,0.67439
3.48,-1.0676
3.5,-1.4886
3.52,-1.0716
3.54,-1.1626
3.56,-0.76261
3.58,-0.55961
3.6,-0.21561
3.62,-0.12661
3.64,-0.67461
3.66,-0.32461
3.68,-0.33761
3.7,-0.10961
3.72,0.016389
3.74,0.29839
3.76,0.48739
3.78,0.60739
3.8,0.22139
3.82,-0.032611
3.84,-0.24561
3.86,0.076389
3.88,0.21039
3.9,0.56739
3.92,0.82539
3.94,1.2054
3.96,1.4774
3.98,1.7364
4,0.42039
4.02,0.028389
4.04,0.25839
4.06,0.29239
4.08,-0.055611
4.1,-0.14761
4.12,0.14239
4.14,0.20539
4.16,0.49839
4.18,0.64439
4.2,0.95639
4.22,1.1274
4.24,1.4464
4.26,1.6284
4.28,1.9444
4.3,1.8554
4.32,1.9834
4.34,1.7684
4.36,1.2494
4.38,-1.2076
4.4,-0.54261
4.42,-0.38461
4.44,-0.31161
4.46,-1.1186
4.48,-1.6616
4.5,-2.4646
4.52,-2.0256
4.54,-1.8356
4.56,-1.3176
4.58,-0.96061
4.6,-0.32561
4.62,0.15339
4.64,0.81539
4.66,1.3184
4.68,1.8174
4.7,-0.058611
4.72,-0.16961
4.74,0.28439
4.76,0.44639
4.78,0.98239
4.8,1.4234
4.82,1.8524
4.84,2.4554
4.86,1.6844
4.88,-1.3806
4.9,-0.99961
4.92,-1.0896
4.94,-0.90761
4.96,-0.46961
4.98,-1.2506
5,-2.1116
5.02,-1.6176
5.04,-1.6926
5.06,-1.3066
5.08,-1.1116
5.1,-0.77361
5.12,-0.51061
5.14,-0.54461
5.16,-1.2006
5.18,-1.2096
5.2,-1.1586
5.22,-1.1456
5.24,-0.71761
5.26,-0.54661
5.28,0.063389
5.3,-0.80461
5.32,-1.6346
5.34,-0.85961
5.36,-0.96161
5.38,-0.39661
5.4,-0.14761
5.42,0.31839
5.44,0.64739
5.46,0.87539
5.48,0.47139
5.5,0.19739
5.52,-0.027611
5.54,0.29139
5.56,0.44439
5.58,0.78439
5.6,1.0324
5.62,1.3514
5.64,1.6054
5.66,1.8604
5.68,1.2804
5.7,0.63939
5.72,0.20339
5.74,0.31339
5.76,0.37239
5.78,0.49539
5.8,0.23439
5.82,-0.084611
5.84,-0.16861
5.86,-0.11361
5.88,-0.22961
5.9,-0.24861
5.92,-0.15761
5.94,-0.069611
5.96,0.14639
5.98,0.37839
6,0.57839
6.02,0.25439
6.04,-0.041611
6.06,-0.42861
6.08,-0.13361
6.1,0.094389
6.12,0.22939
6.14,-0.12961
6.16,-0.050611
6.18,0.079389
6.2,0.20939
6.22,0.37939
6.24,0.50939
6.26,0.15639
6.28,-0.032611
6.3,-0.11161
6.32,0.0043894
6.34,0.075389
6.36,0.034389
6.38,-0.095611
6.4,-0.036611
6.42,-0.016611
6.44,0.037389
6.46,0.084389
6.48,-0.056611
6.5,-0.30461
6.52,-0.42161
6.54,-0.24461
6.56,-0.23661
6.58,-0.17761
6.6,-0.12961
6.62,-0.018611
6.64,0.20239
6.66,-0.10861
6.68,-0.091611
6.7,-0.034611
6.72,-0.10661
6.74,-0.11161
6.76,-0.099611
6.78,-0.0026106
6.8,0.072389
6.82,0.23439
6.84,0.35439
6.86,0.70439
6.88,0.77839
6.9,0.18339
6.92,-0.26361
6.94,-0.12461
6.96,-0.042611
6.98,0.15839
7,0.047389
7.02,-0.21961
7.04,-0.46761
7.06,-0.42861
7.08,-0.21661
7.1,-0.043611
7.12,0.15839
7.14,0.31939
7.16,0.41839
7.18,0.12239
7.2,-0.16061
7.22,-0.20461
7.24,-0.082611
7.26,-0.20661
7.28,-0.13761
7.3,-0.055611
7.32,0.052389
7.34,0.13339
7.36,0.26539
7.38,0.23139
7.4,0.078389
7.42,-0.0086106
7.44,0.19939
7.46,0.43439
7.48,0.49139
7.5,0.19039
7.52,0.091389
7.54,-0.022611
7.56,-0.021611
7.58,0.051389
7.6,0.092389
7.62,0.25439
7.64,0.36739
7.66,0.52439
7.68,0.54039
7.7,0.42439
7.72,0.39739
7.74,0.55839
7.76,0.75539
7.78,0.36439
7.8,0.41039
7.82,0.097389
7.84,-0.20461
7.86,-0.24961
7.88,-0.40561
7.9,-0.41361
7.92,-0.47161
7.94,-0.43361
7.96,-0.45861
7.98,-0.057611
8,0.17739
8.02,-0.20861
8.04,-0.49261
8.06,-0.53061
8.08,-0.36261
8.1,-0.40561
8.12,-0.30861
8.14,-0.31661
8.16,-0.26561
8.18,-0.26561
8.2,-0.26961
8.22,-0.34561
8.24,-0.30961
8.26,-0.21761
8.28,-0.078611
8.3,0.086389
8.32,0.28039
8.34,0.30939
8.36,0.35739
8.38,0.34039
8.4,0.35739
8.42,0.28639
8.44,0.30439
8.46,0.11139
8.48,0.21339
8.5,0.13539
8.52,0.38339
8.54,-0.86161
8.56,-1.3496
8.58,-1.3426
8.6,-1.3546
8.62,-1.1936
8.64,-1.0426
8.66,-0.82961
8.68,-0.65161
8.7,-0.44461
8.72,-0.25861
8.74,-0.060611
8.76,-0.091611
8.78,-0.18261
8.8,-0.14761
8.82,0.084389
8.84,0.16239
8.86,0.049389
8.88,0.26339
8.9,0.58139
8.92,0.86639
8.94,1.1994
8.96,1.6944
8.98,1.1104
9,-1.1006
9.02,-0.36661
9.04,-0.44561
9.06,-0.23661
9.08,-0.96061
9.1,-0.65661
9.12,-0.59761
9.14,-0.67061
9.16,-0.55261
9.18,-0.027611
9.2,0.37739
9.22,1.0714
9.24,1.6684
9.26,0.94639
9.28,0.40739
9.3,0.66639
9.32,0.13139
9.34,-0.095611
9.36,-0.52061
9.38,-0.82761
9.4,-1.1526
9.42,-1.1506
9.44,-0.80361
9.46,-0.36961
9.48,0.028389
9.5,0.54439
9.52,1.1774
9.54,1.6094
9.56,-0.27061
9.58,0.033389
9.6,-0.056611
9.62,0.019389
9.64,0.14539
9.66,0.53639
9.68,0.79739
9.7,-0.20561
9.72,-0.59061
9.74,-0.16961
9.76,-0.17561
9.78,-0.028611
9.8,0.073389
9.82,0.38139
9.84,0.56639
9.86,0.75239
9.88,0.80039
9.9,0.59139
9.92,0.30339
9.94,0.022389
9.96,0.063389
9.98,-0.40661
10,-0.45161
10.02,-0.079611
10.04,0.16739
10.06,0.56639
10.08,0.092389
10.1,-0.055611
10.12,0.043389
10.14,-0.12361
10.16,-0.28261
10.18,-0.43761
10.2,-0.35261
10.22,-0.25561
10.24,-0.11161
10.26,0.20439
10.28,0.51839
10.3,0.85339
10.32,1.1434
10.34,0.73239
10.36,0.23639
10.38,-0.36861
10.4,-0.27161
10.42,-0.21761
10.44,-0.87361
10.46,-0.97361
10.48,-0.58961
10.5,-0.33661
10.52,0.076389
10.54,0.25839
10.56,0.50739
10.58,0.36039
10.6,0.080389
10.62,-0.056611
10.64,-0.20961
10.66,-0.31761
10.68,-0.23861
10.7,-0.37661
10.72,-0.55061
10.74,-0.72261
10.76,-0.80361
10.78,-0.52361
10.8,-0.34061
10.82,-0.011611
10.84,0.064389
10.86,-0.037611
10.88,-0.0056106
10.9,-0.16861
10.92,-0.41061
10.94,-0.080611
10.96,0.078389
10.98,0.37339
11,0.61439
11.02,0.66439
11.04,0.25339
11.06,-0.057611
11.08,-0.47461
11.1,-0.35661
11.12,-0.24361
11.14,-0.048611
11.16,0.12539
11.18,0.37839
11.2,0.24039
11.22,-0.22761
11.24,-0.42861
11.26,-0.67961
11.28,-0.66161
11.3,-0.59061
11.32,-0.51361
11.34,-0.40861
11.36,-0.30961
11.38,-0.26661
11.4,-0.54161
11.42,-0.62861
11.44,-0.90861
11.46,-1.1076
11.48,-0.88161
11.5,-0.77061
11.52,-0.58261
11.54,-0.47361
11.56,-0.33361
11.58,-0.19961
11.6,0.019389
11.62,0.21039
11.64,0.43139
11.66,0.61239
11.68,0.76639
11.7,0.93239
11.72,1.0654
11.74,1.1294
11.76,1.1864
11.78,1.2464
11.8,1.3334
11.82,1.5934
11.84,1.7964
11.86,2.0364
11.88,1.2354
11.9,0.44139
11.92,-0.14061
11.94,-0.66661
11.96,-0.55561
11.98,-0.69361
12,-0.98461
12.02,-1.2466
12.04,-1.1796
12.06,-1.0506
12.08,-0.92061
12.1,-0.74361
12.12,-0.80961
12.14,-0.85061
12.16,-0.86061
12.18,-0.86361
12.2,-0.87361
12.22,-0.86861
12.24,-0.88561
12.26,-0.53761
12.28,0.051389
12.3,0.21439
12.32,0.24439
12.34,0.57939
12.36,0.31339
12.38,0.23539
12.4,0.48439
12.42,0.58839
12.44,0.52439
12.46,0.35439
12.48,0.19639
12.5,0.19839
12.52,0.49139
12.54,0.34239
12.56,0.28739
12.58,0.43139
12.6,0.23839
12.62,0.087389
12.64,0.076389
12.66,-0.14861
12.68,-0.077611
12.7,-0.019611
12.72,0.074389
12.74,0.043389
12.76,-0.14561
12.78,-0.31661
12.8,-0.24161
12.82,-0.028611
12.84,0.18139
12.86,0.42539
12.88,0.43839
12.9,0.51139
12.92,0.46539
12.94,0.47839
12.96,0.19239
12.98,0.22139
13,0.27339
13.02,0.39239
13.04,0.50339
13.06,0.57639
13.08,0.58739
13.1,0.82139
13.12,0.79639
13.14,0.94839
13.16,0.34439
13.18,0.044389
13.2,-0.12361
13.22,-0.34761
13.24,-0.42661
13.26,-0.41661
13.28,-0.27561
13.3,-0.27061
13.32,0.073389
13.34,0.42739
13.36,-0.23161
13.38,-0.38761
13.4,-0.083611
13.42,0.13839
13.44,0.44439
13.46,0.026389
13.48,-0.69761
13.5,-0.79661
13.52,-0.25161
13.54,-0.13561
13.56,0.078389
13.58,-0.11561
13.6,-0.25161
13.62,-0.33361
13.64,-0.26961
13.66,-0.30161
13.68,-0.20061
13.7,-0.067611
13.72,-0.038611
13.74,0.10439
13.76,0.29539
13.78,0.34339
13.8,0.95639
13.82,0.89739
13.84,0.17839
13.86,-0.36261
13.88,-0.99461
13.9,-0.80761
13.92,-0.74461
13.94,-0.53961
13.96,-0.33061
13.98,-0.12861
14,0.030389
14.02,0.14739
14.04,0.50739
14.06,-0.022611
14.08,-0.48961
14.1,-0.35861
14.12,-0.69161
14.14,-0.51661
14.16,-0.37161
14.18,0.087389
14.2,0.63139
14.22,0.84039
14.24,1.2754
14.26,1.3874
14.28,1.1924
14.3,0.75039
14.32,0.22439
14.34,-0.088611
14.36,-0.22761
14.38,0.073389
14.4,0.18039
14.42,0.54339
14.44,0.39839
14.46,0.044389
14.48,-0.082611
14.5,-0.18561
14.52,-0.020611
14.54,0.0053894
14.56,-0.11761
14.58,-0.21061
14.6,-0.30361
14.62,-0.51261
14.64,-0.72761
14.66,-0.57961
14.68,-0.26661
14.7,-0.17861
14.72,0.039389
14.74,0.097389
14.76,0.13639
14.78,0.22039
14.8,0.43639
14.82,0.090389
14.84,-0.54861
14.86,-0.55561
14.88,-0.24361
14.9,-0.081611
14.92,0.24939
14.94,0.40939
14.96,0.18139
14.98,-0.027611
15,-0.24361
15.02,-0.015611
15.04,0.24639
15.06,0.48139
15.08,0.78239
15.1,0.62139
15.12,0.33039
15.14,-0.014611
15.16,-0.19561
15.18,-0.24761
15.2,-0.21261
15.22,-0.11061
15.24,0.049389
15.26,0.24039
15.28,-0.034611
15.3,-0.21661
15.32,-0.47161
15.34,-0.36361
15.36,-0.19561
15.38,-0.018611
15.4,0.16939
15.42,-0.080611
15.44,0.0043894
15.46,0.22939
15.48,0.37339
15.5,0.60039
15.52,0.51539
15.54,0.43139
15.56,0.34339
15.58,0.50439
15.6,0.65239
15.62,0.68239
15.64,0.17139
15.66,-0.17061
15.68,-0.52761
15.7,-0.66461
15.72,-0.38761
15.74,-0.22261
15.76,-0.033611
15.78,0.11839
15.8,-0.12861
15.82,-0.35161
15.84,-0.51461
15.86,-0.33561
15.88,-0.21861
15.9,-0.012611
15.92,0.14139
15.94,0.069389
15.96,-0.063611
15.98,-0.12061
16,-0.32261
16.02,-0.34661
16.04,-0.091611
16.06,0.072389
16.08,0.30839
16.1,0.47139
16.12,0.60239
16.14,0.57539
16.16,0.32939
16.18,-0.073611
16.2,-0.77761
16.22,-0.60861
16.24,-0.43861
16.26,-0.20961
16.28,0.030389
16.3,0.34939
16.32,0.29239
16.34,0.12039
16.36,0.33739
16.38,0.31639
16.4,0.25339
16.42,0.20539
16.44,0.19739
16.46,0.17339
16.48,0.020389
16.5,-0.14461
16.52,-0.34361
16.54,-0.33961
16.56,-0.14561
16.58,-0.028611
16.6,0.16939
16.62,-0.096611
16.64,-0.25561
16.66,-0.27961
16.68,-0.38861
16.7,-0.24261
16.72,-0.21561
16.74,-0.18261
16.76,-0.17461
16.78,-0.038611
16.8,-0.027611
16.82,-0.18561
16.84,-0.12361
16.86,0.086389
16.88,0.34239
16.9,0.69439
16.92,0.90939
16.94,0.85239
16.96,0.75939
16.98,0.51239
17,0.18539
17.02,0.014389
17.04,-0.19061
17.06,-0.15161
17.08,-0.073611
17.1,0.020389
17.12,0.12839
17.14,0.21439
17.16,0.023389
17.18,-0.12461
17.2,-0.32961
17.22,-0.51961
17.24,-0.70861
17.26,-0.57961
17.28,-0.46261
17.3,-0.30761
17.32,-0.14561
17.34,-0.0096106
17.36,-0.18061
17.38,-0.31861
17.4,-0.46561
17.42,-0.39161
17.44,-0.34561
17.46,-0.31661
17.48,-0.43561
17.5,-0.49161
17.52,-0.47561
17.54,-0.42061
17.56,-0.36161
17.58,-0.27761
17.6,-0.25861
17.62,-0.13961
17.64,-0.068611
17.66,0.50639
17.68,0.72139
17.7,0.87739
17.72,0.78139
17.74,0.76439
17.76,0.43839
17.78,0.079389
17.8,0.012389
17.82,-0.12661
17.84,-0.015611
17.86,0.029389
17.88,0.10339
17.9,0.10339
17.92,0.19239
17.94,0.20439
17.96,0.073389
17.98,-0.056611
18,-0.072611
18.02,0.069389
18.04,0.10539
18.06,0.14639
18.08,-0.0096106
18.1,-0.15961
18.12,-0.18761
18.14,-0.0076106
18.16,0.15439
18.18,0.10439
18.2,-0.11561
18.22,-0.30261
18.24,-0.30961
18.26,-0.095611
18.28,-0.058611
18.3,0.0033894
18.32,0.019389
18.34,0.049389
18.36,0.056389
18.38,0.096389
18.4,0.13339
18.42,0.17639
18.44,0.21739
18.46,0.26039
18.48,0.30139
18.5,0.34539
18.52,0.38539
18.54,0.47339
18.56,0.39239
18.58,0.23739
18.6,0.11439
18.62,-0.079611
18.64,-0.12461
18.66,0.053389
18.68,0.026389
18.7,-0.25061
18.72,-0.56661
18.74,-0.63061
18.76,-0.59161
18.78,-0.41361
18.8,-0.068611
18.82,0.27139
18.84,0.27639
18.86,-0.021611
18.88,-0.060611
18.9,-0.11061
18.92,-0.22161
18.94,-0.41661
18.96,-0.51961
18.98,-0.22261
19,0.029389
19.02,0.078389
19.04,0.13839
19.06,0.17039
19.08,0.25239
19.1,0.32239
19.12,0.39039
19.14,0.16339
19.16,-0.13661
19.18,-0.32361
19.2,-0.29161
19.22,-0.28761
19.24,-0.30461
19.26,-0.33961
19.28,-0.24561
19.3,-0.076611
19.32,0.12439
19.34,0.37539
19.36,0.40139
19.38,0.24439
19.4,0.15539
19.42,-0.040611
19.44,-0.15361
19.46,-0.28961
19.48,-0.31661
19.5,-0.11161
19.52,0.093389
19.54,0.33439
19.56,0.57539
19.58,0.42339
19.6,0.14239
19.62,-0.0076106
19.64,-0.13561
19.66,-0.27061
19.68,-0.34161
19.7,-0.35761
19.72,-0.39661
19.74,-0.40261
19.76,-0.48861
19.78,-0.48061
19.8,-0.40661
19.82,-0.40761
19.84,-0.35161
19.86,-0.18761
19.88,-0.057611
19.9,0.043389
19.92,-0.019611
19.94,-0.072611
19.96,-0.16961
19.98,-0.11561
20,0.12539
20.02,0.35739
20.04,0.65339
20.06,0.71539
20.08,0.76139
20.1,0.73839
20.12,0.62739
20.14,0.48339
20.16,0.26339
20.18,-0.044611
20.2,-0.28861
20.22,-0.38461
20.24,-0.49261
20.26,-0.42861
20.28,-0.41661
20.3,-0.27661
20.32,-0.052611
20.34,0.23639
20.36,0.42539
20.38,0.60339
20.4,0.45139
20.42,0.28339
20.44,0.12539
20.46,-0.054611
20.48,-0.27561
20.5,-0.42361
20.52,-0.17561
20.54,0.00038944
20.56,0.25339
20.58,0.48039
20.6,0.64039
20.62,0.55339
20.64,0.41239
20.66,0.18339
20.68,-0.048611
20.7,-0.30361
20.72,-0.53161
20.74,-0.70861
20.76,-0.92861
20.78,-0.86361
20.8,-0.63161
20.82,-0.37661
20.84,0.086389
20.86,0.30839
20.88,0.58839
20.9,0.61339
20.92,0.38439
20.94,0.35039
20.96,0.31039
20.98,0.24539
21,0.018389
21.02,-0.19861
21.04,-0.15861
21.06,-0.015611
21.08,0.098389
21.1,0.28539
21.12,0.40739
21.14,0.56239
21.16,0.53039
21.18,0.31339
21.2,0.16439
21.22,-0.024611
21.24,-0.18961
21.26,-0.27661
21.28,-0.37161
21.3,-0.45061
21.32,-0.53461
21.34,-0.48361
21.36,-0.37961
21.38,-0.29661
21.4,-0.19661
21.42,-0.18461
21.44,-0.15961
21.46,-0.11961
21.48,-0.053611
21.5,0.0013894
21.52,0.058389
21.54,-0.023611
21.56,-0.11261
21.58,-0.20561
21.6,-0.32261
21.62,-0.38861
21.64,-0.34161
21.66,-0.28761
21.68,-0.32861
21.7,-0.40761
21.72,-0.48761
21.74,-0.56361
21.76,-0.64461
21.78,-0.55561
21.8,-0.44661
21.82,-0.0086106
21.84,0.25239
21.86,0.41039
21.88,0.64339
21.9,0.57839
21.92,0.47339
21.94,0.38339
21.96,0.38439
21.98,0.33939
22,0.35639
22.02,0.0073894
22.04,-0.25461
22.06,-0.46061
22.08,-0.47161
22.1,-0.22261
22.12,-0.065611
22.14,0.16339
22.16,0.35439
22.18,0.50339
22.2,0.37039
22.22,0.27939
22.24,0.15739
22.26,0.040389
22.28,-0.027611
22.3,0.020389
22.32,0.043389
22.34,0.098389
22.36,0.13439
22.38,0.093389
22.4,0.057389
22.42,0.021389
22.44,-0.031611
22.46,-0.031611
22.48,0.0033894
22.5,-0.025611
22.52,-0.12461
22.54,-0.23561
22.56,-0.40661
22.58,-0.53061
22.6,-0.70161
22.62,-0.32361
22.64,-0.052611
22.66,0.093389
22.68,0.32739
22.7,0.47739
22.72,0.50839
22.74,0.35739
22.76,0.34139
22.78,0.30539
22.8,0.28439
22.82,0.26239
22.84,0.16739
22.86,-0.0056106
22.88,-0.21261
22.9,-0.36561
22.92,-0.31061
22.94,-0.29761
22.96,-0.28061
22.98,-0.23761
23,-0.26661
23.02,-0.30861
23.04,-0.36661
23.06,-0.35761
23.08,-0.30861
23.1,-0.19361
23.12,0.018389
23.14,0.19539
23.16,0.15939
23.18,0.12839
23.2,0.13939
23.22,0.10939
23.24,0.10739
23.26,0.091389
23.28,0.088389
23.3,0.018389
23.32,-0.13161
23.34,-0.24761
23.36,-0.43661
23.38,-0.43261
23.4,-0.30061
23.42,-0.19261
23.44,-0.048611
23.46,0.096389
23.48,0.16739
23.5,0.14739
23.52,0.17239
23.54,0.077389
23.56,-0.058611
23.58,-0.21561
23.6,-0.23461
23.62,0.059389
23.64,0.26139
23.66,0.26839
23.68,0.083389
23.7,-0.041611
23.72,-0.22761
23.74,-0.076611
23.76,0.030389
23.78,0.18139
23.8,0.30939
23.82,0.47839
23.84,0.45839
23.86,0.16539
23.88,-0.058611
23.9,-0.39661
23.92,-0.44461
23.94,-0.24161
23.96,-0.10161
23.98,0.21639
24,0.26039
24.02,0.12039
24.04,0.0073894
24.06,-0.16861
24.08,-0.38261
24.1,-0.56661
24.12,-0.78161
24.14,-0.61961
24.16,-0.25661
24.18,0.043389
24.2,0.45539
24.22,0.78239
24.24,1.1024
24.26,0.95239
24.28,0.48839
24.3,0.12139
24.32,-0.38761
24.34,-0.84661
24.36,-1.2266
24.38,-0.86461
24.4,-0.61661
24.42,-0.22861
24.44,0.14939
24.46,0.47639
24.48,0.32239
24.5,0.24739
24.52,0.094389
24.54,0.22639
24.56,0.33739
24.58,0.50439
24.6,0.59339
24.62,0.51839
24.64,0.55139
24.66,0.59439
24.68,0.61639
24.7,0.59239
24.72,0.46539
24.74,0.15739
24.76,-0.077611
24.78,-0.23061
24.8,-0.30361
24.82,-0.32961
24.84,-0.36461
24.86,-0.49061
24.88,-0.66061
24.9,-0.72361
24.92,-0.78461
24.94,-0.84661
24.96,-0.56661
24.98,-0.20961
25,0.12739
25.02,0.38039
25.04,0.48739
25.06,0.36239
25.08,0.24939
25.1,0.15739
25.12,0.37639
25.14,0.59339
25.16,0.62939
25.18,0.36939
25.2,0.21639
25.22,0.039389
25.24,0.022389
25.26,-0.062611
25.28,-0.28661
25.3,-0.38061
25.32,-0.45761
25.34,-0.50561
25.36,-0.77761
25.38,-0.62861
25.4,-0.18961
25.42,0.18839
25.44,0.50839
25.46,0.74339
25.48,0.74839
25.5,0.56139
25.52,0.45439
25.54,0.52439
25.56,0.63439
25.58,0.73039
25.6,0.85039
25.62,0.92639
25.64,0.97439
25.66,0.92839
25.68,0.81339
25.7,0.26339
25.72,-0.28961
25.74,-0.90161
25.76,-1.3646
25.78,-0.85961
25.8,-0.46861
25.82,0.080389
25.84,0.59339
25.86,0.82239
25.88,0.55539
25.9,0.30039
25.92,-0.011611
25.94,-0.38061
25.96,-0.34761
25.98,-0.020611
26,0.17939
26.02,0.63239
26.04,1.0124
26.06,1.1214
26.08,1.1064
26.1,0.93939
26.12,0.80439
26.14,0.60739
26.16,0.50739
26.18,0.20539
26.2,-0.20161
26.22,-0.57261
26.24,-1.0216
26.26,-1.3326
26.28,-1.2256
26.3,-1.2076
26.32,-1.0066
26.34,-0.76261
26.36,-0.54861
26.38,-0.48961
26.4,-0.40561
26.42,-0.29161
26.44,-0.17661
26.46,-0.14161
26.48,-0.098611
26.5,-0.050611
26.52,0.018389
26.54,0.079389
26.56,0.034389
26.58,-0.029611
26.6,-0.061611
26.62,-0.034611
26.64,-0.013611
26.66,0.075389
26.68,0.20439
26.7,0.32639
26.72,0.44939
26.74,0.57639
26.76,0.56139
26.78,0.46339
26.8,0.29939
26.82,0.10639
26.84,-0.0046106
26.86,-0.033611
26.88,-0.069611
26.9,-0.10161
26.92,-0.20161
26.94,-0.18861
26.96,0.024389
26.98,0.13339
27,0.24239
27.02,0.26539
27.04,0.26439
27.06,0.15439
27.08,-0.019611
27.1,-0.095611
27.12,-0.21661
27.14,-0.16761
27.16,-0.12061
27.18,-0.064611
27.2,-0.12961
27.22,-0.16361
27.24,-0.19361
27.26,-0.24261
27.28,-0.23661
27.3,-0.17561
27.32,-0.12461
27.34,-0.18561
27.36,-0.26561
27.38,-0.32361
27.4,-0.33661
27.42,-0.45461
27.44,-0.43061
27.46,-0.33461
27.48,-0.21361
27.5,-0.069611
27.52,0.029389
27.54,0.0023894
27.56,-0.093611
27.58,-0.089611
27.6,-0.15061
27.62,-0.16461
27.64,-0.23861
27.66,-0.32361
27.68,-0.42161
27.7,-0.45761
27.72,-0.39761
27.74,-0.34961
27.76,-0.25861
27.78,-0.17261
27.8,-0.020611
27.82,0.15539
27.84,0.28339
27.86,0.36139
27.88,0.35339
27.9,0.26839
27.92,0.10039
27.94,-0.045611
27.96,-0.12561
27.98,-0.24561
28,-0.22961
28.02,-0.12661
28.04,-0.068611
28.06,0.017389
28.08,0.092389
28.1,0.19939
28.12,0.28539
28.14,0.36439
28.16,0.31039
28.18,0.18039
28.2,0.023389
28.22,-0.15661
28.24,-0.31961
28.26,-0.21961
28.28,-0.11861
28.3,0.014389
28.32,0.15239
28.34,0.29739
28.36,0.24239
28.38,0.13539
28.4,0.10139
28.42,0.023389
28.44,-0.010611
28.46,-0.023611
28.48,-0.036611
28.5,-0.048611
28.52,-0.089611
28.54,-0.15561
28.56,-0.14861
28.58,-0.076611
28.6,-0.00061056
28.62,-0.020611
28.64,-0.14861
28.66,-0.22561
28.68,-0.37461
28.7,-0.36561
28.72,-0.25161
28.74,-0.16461
28.76,-0.014611
28.78,0.15239
28.8,0.30139
28.82,0.39239
28.84,0.40539
28.86,0.38439
28.88,0.32839
28.9,0.18239
28.92,0.12439
28.94,0.069389
28.96,-0.0016106
28.98,-0.068611
29,-0.13061
29.02,-0.12861
29.04,-0.11561
29.06,-0.10261
29.08,-0.084611
29.1,-0.14161
29.12,-0.20561
29.14,-0.26961
29.16,-0.35061
29.18,-0.35961
29.2,-0.29761
29.22,-0.22761
29.24,0.017389
29.26,0.098389
29.28,0.20239
29.3,0.25539
29.32,0.19839
29.34,0.15939
29.36,0.10639
29.38,0.15539
29.4,0.19739
29.42,0.24139
29.44,0.14039
29.46,0.054389
29.48,-0.066611
29.5,-0.097611
29.52,-0.026611
29.54,0.015389
29.56,0.099389
29.58,0.093389
29.6,0.038389
29.62,-0.00061056
29.64,-0.066611
29.66,-0.099611
29.68,-0.10961
29.7,-0.11561
29.72,-0.13161
29.74,-0.16861
29.76,-0.19961
29.78,-0.10461
29.8,-0.010611
29.82,0.054389
29.84,0.12839
29.86,0.19939
29.88,0.19839
29.9,0.16839
29.92,0.14239
29.94,0.10839
29.96,0.12739
29.98,0.15139
30,0.13639
30.02,0.11639
30.04,0.096389
30.06,0.059389
30.08,-0.028611
30.1,-0.050611
30.12,-0.084611
30.14,-0.17861
30.16,-0.32161
30.18,-0.42061
30.2,-0.51861
30.22,-0.47261
30.24,-0.39461
30.26,-0.29061
30.28,-0.11061
30.3,0.049389
30.32,0.13139
30.34,0.15639
30.36,0.17639
30.38,0.19439
30.4,0.25439
30.42,0.33039
30.44,0.32739
30.46,0.25139
30.48,0.17239
30.5,0.044389
30.52,-0.085611
30.54,-0.19061
30.56,-0.22961
30.58,-0.30461
30.6,-0.27761
30.62,-0.22761
30.64,-0.17461
30.66,-0.12161
30.68,-0.12661
30.7,-0.12961
30.72,-0.080611
30.74,-0.026611
30.76,0.038389
30.78,0.064389
30.8,0.054389
30.82,0.049389
30.84,0.063389
30.86,0.12539
30.88,0.17839
30.9,0.24239
30.92,0.30639
30.94,0.29739
30.96,0.25039
30.98,0.21539
31,0.16239
31.02,0.19139
31.04,0.23339
31.06,0.28139
31.08,0.30039
31.1,0.19539
31.12,0.10539
31.14,-0.039611
31.16,-0.16361
31.18,-0.32261
31.2,-0.33561
31.22,-0.21961
31.24,-0.14861
31.26,-0.010611
31.28,0.010389
31.3,-0.053611
31.32,-0.10161
31.34,-0.12661
31.36,-0.14361
31.38,-0.12961
31.4,-0.10461
31.42,-0.071611
31.44,-0.018611
31.46,0.032389
31.48,0.084389
31.5,0.15739
31.52,0.23839
31.54,0.31839
31.56,0.34039
31.58,0.31739
31.6,0.21239
31.62,0.072389
31.64,0.0083894
31.66,-0.015611
31.68,-0.047611
31.7,-0.075611
31.72,-0.12161
31.74,-0.15661
31.76,-0.11661
31.78,-0.056611
31.8,-0.0066106
31.82,-0.0036106
31.84,-0.0036106
31.86,0.013389
31.88,0.045389
31.9,0.071389
31.92,0.085389
31.94,0.097389
31.96,0.12339
31.98,0.14639
32,0.17139
32.02,0.19939
32.04,0.25539
32.06,0.31639
32.08,0.28639
32.1,0.23039
32.12,0.10439
32.14,-0.0016106
32.16,-0.011611
32.18,-0.036611
32.2,-0.053611
32.22,-0.083611
32.24,-0.052611
32.26,-0.0076106
32.28,0.036389
32.3,0.095389
32.32,0.15439
32.34,0.20439
32.36,0.14239
32.38,0.072389
32.4,0.020389
32.42,-0.022611
32.44,-0.070611
32.46,-0.10061
32.48,-0.075611
32.5,-0.054611
32.52,-0.029611
32.54,-0.015611
32.56,-0.00061056
32.58,-0.0016106
32.6,-0.0066106
32.62,-0.011611
32.64,-0.010611
32.66,-0.0036106
32.68,0.00038944
32.7,0.015389
32.72,0.052389
32.74,0.085389
32.76,0.12539
32.78,0.15339
32.8,0.13039
32.82,0.10139
32.84,0.055389
32.86,0.0053894
32.88,-0.040611
32.9,-0.098611
32.92,-0.096611
32.94,-0.046611
32.96,-0.0076106
32.98,0.030389
33,0.044389
33.02,0.067389
33.04,0.051389
33.06,0.044389
33.08,0.017389
33.1,-0.0026106
33.12,-0.029611
33.14,-0.028611
33.16,-0.017611
33.18,-0.0066106
33.2,-0.0056106
33.22,-0.017611
33.24,-0.022611
33.26,-0.036611
33.28,-0.032611
33.3,-0.0076106
33.32,0.013389
33.34,0.040389
33.36,0.064389
33.38,0.062389
33.4,0.051389
33.42,0.0053894
33.44,-0.045611
33.46,-0.076611
33.48,-0.064611
33.5,-0.065611
33.52,-0.10761
33.54,-0.16161
33.56,-0.17461
33.58,-0.11761
33.6,-0.070611
33.62,-0.036611
33.64,-0.025611
33.66,-0.0026106
33.68,0.0033894
33.7,0.035389
33.72,0.081389
33.74,0.11439
33.76,0.069389
33.78,0.037389
33.8,-0.010611
33.82,-0.025611
33.84,-0.034611
33.86,-0.041611
33.88,-0.045611
33.9,-0.065611
33.92,-0.12061
33.94,-0.11761
33.96,-0.10861
33.98,-0.098611
34,-0.081611
34.02,-0.076611
34.04,-0.11061
34.06,-0.13861
34.08,-0.16661
34.1,-0.14461
34.12,-0.13061
34.14,-0.11161
34.16,-0.10861
34.18,-0.098611
34.2,-0.098611
34.22,-0.063611
34.24,-0.0026106
34.26,0.053389
34.28,0.10939
34.3,0.15139
34.32,0.19639
34.34,0.16939
34.36,0.13939
34.38,0.10239
34.4,0.063389
34.42,0.0093894
34.44,-0.067611
34.46,-0.10561
34.48,-0.12261
34.5,-0.13861
34.52,-0.16661
34.54,-0.21561
34.56,-0.26961
34.58,-0.27461
34.6,-0.21761
34.62,-0.17861
34.64,-0.11661
34.66,-0.061611
34.68,-0.00061056
34.7,0.053389
34.72,0.098389
34.74,0.14339
34.76,0.18639
34.78,0.23139
34.8,0.26139
34.82,0.25439
34.84,0.22639
34.86,0.17039
34.88,0.12639
34.9,0.053389
34.92,-0.047611
34.94,-0.14961
34.96,-0.21061
34.98,-0.25461
35,-0.25261
35.02,-0.24561
35.04,-0.22661
35.06,-0.17961
35.08,-0.13661
35.1,-0.082611
35.12,-0.014611
35.14,0.043389
35.16,0.088389
35.18,0.096389
35.2,0.099389
35.22,0.099389
35.24,0.10339
35.26,0.13539
35.28,0.12039
35.3,0.099389
35.32,0.071389
35.34,0.018389
35.36,-0.028611
35.38,-0.083611
35.4,-0.13161
35.42,-0.19061
35.44,-0.19461
35.46,-0.13961
35.48,-0.10061
35.5,-0.044611
35.52,-0.044611
35.54,-0.040611
35.56,-0.045611
35.58,-0.049611
35.6,-0.039611
35.62,-0.021611
35.64,-0.022611
35.66,-0.016611
35.68,-0.016611
35.7,-0.012611
35.72,-0.012611
35.74,0.027389
35.76,0.067389
35.78,0.11439
35.8,0.095389
35.82,0.055389
35.84,0.016389
35.86,-0.031611
35.88,-0.078611
35.9,-0.092611
35.92,-0.092611
35.94,-0.095611
35.96,-0.092611
35.98,-0.086611
36,-0.052611
36.02,-0.022611
36.04,0.013389
36.06,0.037389
36.08,0.033389
36.1,0.033389
36.12,0.028389
36.14,0.039389
36.16,0.053389
36.18,0.066389
36.2,0.084389
36.22,0.086389
36.24,0.076389
36.26,0.069389
36.28,0.060389
36.3,0.074389
36.32,0.086389
36.34,0.10139
36.36,0.11039
36.38,0.089389
36.4,0.074389
36.42,0.052389
36.44,0.061389
36.46,0.078389
36.48,0.096389
36.5,0.11739
36.52,0.13439
36.54,0.10439
36.56,0.076389
36.58,0.043389
36.6,0.011389
36.62,-0.021611
36.64,-0.042611
36.66,-0.068611
36.68,-0.087611
36.7,-0.12061
36.72,-0.15961
36.74,-0.19861
36.76,-0.23361
36.78,-0.25861
36.8,-0.27061
36.82,-0.27861
36.84,-0.28761
36.86,-0.27861
36.88,-0.27061
36.9,-0.25861
36.92,-0.25161
36.94,-0.21961
36.96,-0.17361
36.98,-0.12961
37,-0.10961
37.02,-0.10561
37.04,-0.095611
37.06,-0.091611
37.08,-0.072611
37.1,-0.059611
37.12,-0.040611
37.14,-0.023611
37.16,0.017389
37.18,0.034389
37.2,0.041389
37.22,0.047389
37.24,0.042389
37.26,0.042389
37.28,0.037389
37.3,0.035389
37.32,0.031389
37.34,0.046389
37.36,0.062389
37.38,0.084389
37.4,0.10939
37.42,0.13339
37.44,0.15939
37.46,0.18039
37.48,0.17239
37.5,0.16739
37.52,0.15839
37.54,0.14639
37.56,0.10739
37.58,0.067389
37.6,0.031389
37.62,0.0083894
37.64,0.018389
37.66,0.027389
37.68,0.039389
37.7,0.053389
37.72,0.068389
37.74,0.094389
37.76,0.11639
37.78,0.14239
37.8,0.14239
37.82,0.12439
37.84,0.12139
37.86,0.12339
37.88,0.12539
37.9,0.12939
37.92,0.13239
37.94,0.10539
37.96,0.078389
37.98,0.045389
38,0.019389
38.02,0.0043894
38.04,-0.011611
38.06,-0.025611
38.08,-0.011611
38.1,0.017389
38.12,0.042389
38.14,0.075389
38.16,0.10239
38.18,0.13239
38.2,0.10039
38.22,0.061389
38.24,0.017389
38.26,-0.027611
38.28,-0.080611
38.3,-0.089611
38.32,-0.054611
38.34,-0.030611
38.36,0.0053894
38.38,0.011389
38.4,0.021389
38.42,0.026389
38.44,0.031389
38.46,0.047389
38.48,0.068389
38.5,0.088389
38.52,0.11139
38.54,0.13239
38.56,0.13939
38.58,0.13639
38.6,0.13939
38.62,0.13439
38.64,0.13839
38.66,0.10139
38.68,0.029389
38.7,-0.032611
38.72,-0.063611
38.74,-0.085611
38.76,-0.11261
38.78,-0.15761
38.8,-0.19761
38.82,-0.18861
38.84,-0.18261
38.86,-0.17061
38.88,-0.15661
38.9,-0.14261
38.92,-0.12961
38.94,-0.12561
38.96,-0.12061
38.98,-0.11661
39,-0.11461
39.02,-0.10661
39.04,-0.064611
39.06,-0.021611
39.08,0.0013894
39.1,-0.0046106
39.12,-0.0046106
39.14,-0.014611
39.16,-0.019611
39.18,-0.0086106
39.2,0.010389
39.22,0.026389
39.24,0.049389
39.26,0.052389
39.28,0.041389
39.3,0.029389
39.32,0.010389
39.34,-0.0056106
39.36,-0.024611
39.38,-0.020611
39.4,-0.0076106
39.42,0.0033894
39.44,0.018389
39.46,0.032389
39.48,0.047389
39.5,0.056389
39.52,0.064389
39.54,0.073389
39.56,0.080389
39.58,0.090389
39.6,0.12639
39.62,0.16839
39.64,0.14339
39.66,0.10439
39.68,0.069389
39.7,0.034389
39.72,0.0013894
39.74,-0.032611
39.76,-0.064611
39.78,-0.095611
39.8,-0.091611
39.82,-0.083611
39.84,-0.073611
39.86,-0.051611
39.88,-0.030611
39.9,-0.0046106
39.92,0.032389
39.94,0.051389
39.96,0.043389
39.98,0.039389
40,0.029389
40.02,0.019389
40.04,0.0093894
40.06,0.00038944
40.08,-0.010611
40.1,-0.014611
40.12,0.0013894
40.14,0.015389
40.16,0.029389
40.18,0.022389
40.2,0.015389
40.22,0.015389
40.24,0.025389
40.26,0.031389
40.28,0.044389
40.3,0.045389
40.32,0.020389
40.34,-0.0036106
40.36,-0.030611
40.38,-0.060611
40.4,-0.087611
40.42,-0.11661
40.44,-0.10761
40.46,-0.094611
40.48,-0.078611
40.5,-0.068611
40.52,-0.063611
40.54,-0.057611
40.56,-0.050611
40.58,-0.041611
40.6,-0.033611
40.62,-0.024611
40.64,-0.014611
40.66,-0.0056106
40.68,0.0033894
40.7,0.012389
40.72,0.020389
40.74,0.00038944
40.76,-0.018611
40.78,-0.040611
40.8,-0.064611
40.82,-0.087611
40.84,-0.11061
40.86,-0.12961
40.88,-0.15161
40.9,-0.16561
40.92,-0.17461
40.94,-0.18461
40.96,-0.19461
40.98,-0.20261
41,-0.21361
41.02,-0.19861
41.04,-0.17361
41.06,-0.13561
41.08,-0.065611
41.1,-0.014611
41.12,0.019389
41.14,0.054389
41.16,0.081389
41.18,0.088389
41.2,0.10139
41.22,0.092389
41.24,0.079389
41.26,0.060389
41.28,0.032389
41.3,0.0023894
41.32,-0.024611
41.34,-0.057611
41.36,-0.045611
41.38,-0.013611
41.4,0.012389
41.42,0.032389
41.44,0.047389
41.46,0.053389
41.48,0.057389
41.5,0.061389
41.52,0.064389
41.54,0.068389
41.56,0.071389
41.58,0.074389
41.6,0.076389
41.62,0.072389
41.64,0.068389
41.66,0.063389
41.68,0.057389
41.7,0.053389
41.72,0.047389
41.74,0.060389
41.76,0.078389
41.78,0.095389
41.8,0.11339
41.82,0.12539
41.84,0.13839
41.86,0.13039
41.88,0.12239
41.9,0.11339
41.92,0.10239
41.94,0.086389
41.96,0.071389
41.98,0.055389
42,0.039389
42.02,0.023389
42.04,0.0063894
42.06,0.0033894
42.08,0.0073894
42.1,0.0083894
42.12,0.022389
42.14,0.041389
42.16,0.051389
42.18,0.060389
42.2,0.071389
42.22,0.078389
42.24,0.088389
42.26,0.094389
42.28,0.094389
42.3,0.092389
42.32,0.088389
42.34,0.024389
42.36,-0.00061056
42.38,-0.0056106
42.4,-0.020611
42.42,-0.024611
42.44,-0.033611
42.46,-0.048611
42.48,-0.064611
42.5,-0.080611
42.52,-0.097611
42.54,-0.11461
42.56,-0.12861
42.58,-0.10661
42.6,-0.089611
42.62,-0.066611
42.64,-0.043611
42.66,-0.019611
42.68,-0.011611
42.7,-0.0096106
42.72,-0.0056106
42.74,-0.0046106
42.76,0.0043894
42.78,0.013389
42.8,0.023389
42.82,0.034389
42.84,0.042389
42.86,0.043389
42.88,0.038389
42.9,0.012389
42.92,-0.0086106
42.94,-0.036611
42.96,-0.047611
42.98,-0.055611
43,-0.062611
43.02,-0.068611
43.04,-0.073611
43.06,-0.080611
43.08,-0.075611
43.1,-0.064611
43.12,-0.028611
43.14,0.0043894
43.16,0.045389
43.18,0.064389
43.2,0.059389
43.22,0.059389
43.24,0.053389
43.26,0.048389
43.28,0.043389
43.3,0.038389
43.32,0.028389
43.34,-0.00061056
43.36,-0.026611
43.38,-0.052611
43.4,-0.042611
43.42,-0.037611
43.44,-0.025611
43.46,-0.015611
43.48,-0.0026106
43.5,0.0013894
43.52,-0.00061056
43.54,-0.0016106
43.56,-0.0046106
43.58,-0.0076106
43.6,-0.0066106
43.62,-0.0016106
43.64,0.0023894
43.66,0.0063894
43.68,-0.0016106
43.7,-0.0076106
43.72,-0.015611
43.74,-0.024611
43.76,-0.029611
43.78,-0.028611
43.8,-0.028611
43.82,-0.025611
43.84,-0.024611
43.86,-0.021611
43.88,-0.027611
43.9,-0.044611
43.92,-0.058611
43.94,-0.076611
43.96,-0.084611
43.98,-0.082611
44,-0.083611
44.02,-0.075611
44.04,-0.050611
44.06,-0.028611
44.08,-0.0026106
44.1,0.017389
44.12,0.017389
44.14,0.020389
44.16,0.020389
44.18,0.020389
44.2,0.030389
44.22,0.042389
44.24,0.048389
44.26,0.048389
44.28,0.048389
44.3,0.047389
44.32,0.046389
44.34,0.051389
44.36,0.066389
44.38,0.078389
44.4,0.094389
44.42,0.096389
44.44,0.095389
44.46,0.095389
44.48,0.092389
44.5,0.090389
44.52,0.088389
44.54,0.086389
44.56,0.083389
44.58,0.081389
44.6,0.079389
44.62,0.076389
44.64,0.061389
44.66,0.046389
44.68,0.034389
44.7,0.035389
44.72,0.033389
44.74,0.034389
44.76,0.035389
44.78,0.031389
44.8,0.018389
44.82,0.014389
44.84,0.013389
44.86,0.011389
44.88,0.011389
44.9,0.010389
44.92,-0.00061056
44.94,-0.010611
44.96,-0.020611
44.98,-0.025611
45,-0.029611
45.02,-0.033611
45.04,-0.037611
45.06,-0.048611
45.08,-0.063611
45.1,-0.077611
45.12,-0.092611
45.14,-0.10761
45.16,-0.12261
45.18,-0.13861
45.2,-0.14361
45.22,-0.12061
45.24,-0.10361
45.26,-0.078611
45.28,-0.067611
45.3,-0.063611
45.32,-0.058611
45.34,-0.056611
45.36,-0.053611
45.38,-0.050611
45.4,-0.048611
45.42,-0.045611
45.44,-0.042611
45.46,-0.039611
45.48,-0.031611
45.5,-0.026611
45.52,-0.011611
45.54,0.0093894
45.56,0.030389
45.58,0.045389
45.6,0.047389
45.62,0.053389
45.64,0.054389
45.66,0.062389
45.68,0.083389
45.7,0.10039
45.72,0.083389
45.74,0.070389
45.76,0.052389
45.78,0.032389
45.8,0.027389
45.82,0.028389
45.84,0.027389
45.86,0.026389
45.88,0.011389
45.9,-0.0016106
45.92,-0.010611
45.94,-0.011611
45.96,-0.016611
45.98,-0.015611
46,-0.031611
46.02,-0.068611
46.04,-0.099611
46.06,-0.10261
46.08,-0.10561
46.1,-0.10661
46.12,-0.099611
46.14,-0.089611
46.16,-0.079611
46.18,-0.074611
46.2,-0.072611
46.22,-0.068611
46.24,-0.067611
46.26,-0.063611
46.28,-0.040611
46.3,-0.013611
46.32,0.012389
46.34,0.042389
46.36,0.070389
46.38,0.098389
46.4,0.085389
46.42,0.062389
46.44,0.040389
46.46,0.012389
46.48,-0.014611
46.5,-0.035611
46.52,-0.037611
46.54,-0.044611
46.56,-0.046611
46.58,-0.049611
46.6,-0.051611
46.62,-0.054611
46.64,-0.056611
46.66,-0.058611
46.68,-0.046611
46.7,-0.029611
46.72,-0.013611
46.74,0.0063894
46.76,0.016389
46.78,0.018389
46.8,0.024389
46.82,0.024389
46.84,0.034389
46.86,0.049389
46.88,0.063389
46.9,0.079389
46.92,0.093389
46.94,0.096389
46.96,0.10139
46.98,0.10439
47,0.10739
47.02,0.10939
47.04,0.10339
47.06,0.098389
47.08,0.092389
47.1,0.085389
47.12,0.078389
47.14,0.071389
47.16,0.062389
47.18,0.054389
47.2,0.045389
47.22,0.037389
47.24,0.030389
47.26,0.026389
47.28,0.020389
47.3,0.016389
47.32,0.011389
47.34,0.0063894
47.36,0.0023894
47.38,0.0073894
47.4,0.012389
47.42,0.018389
47.44,0.021389
47.46,0.0083894
47.48,-0.0036106
47.5,-0.017611
47.52,-0.031611
47.54,-0.047611
47.56,-0.053611
47.58,-0.048611
47.6,-0.043611
47.62,-0.038611
47.64,-0.025611
47.66,-0.0096106
47.68,0.0063894
47.7,0.016389
47.72,0.021389
47.74,0.034389
47.76,0.060389
47.78,0.082389
47.8,0.11139
47.82,0.10639
47.84,0.086389
47.86,0.070389
47.88,0.046389
47.9,0.026389
47.92,0.0033894
47.94,-0.016611
47.96,-0.024611
47.98,-0.033611
48,-0.046611
48.02,-0.069611
48.04,-0.084611
48.06,-0.088611
48.08,-0.093611
48.1,-0.095611
48.12,-0.097611
48.14,-0.099611
48.16,-0.10161
48.18,-0.10261
48.2,-0.098611
48.22,-0.095611
48.24,-0.090611
48.26,-0.087611
48.28,-0.089611
48.3,-0.091611
48.32,-0.093611
48.34,-0.096611
48.36,-0.097611
48.38,-0.088611
48.4,-0.081611
48.42,-0.071611
48.44,-0.068611
48.46,-0.068611
48.48,-0.067611
48.5,-0.067611
48.52,-0.066611
48.54,-0.066611
48.56,-0.064611
48.58,-0.056611
48.6,-0.050611
48.62,-0.043611
48.64,-0.034611
48.66,-0.023611
48.68,-0.013611
48.7,-0.0026106
48.72,0.0093894
48.74,0.016389
48.76,0.0083894
48.78,0.0023894
48.8,-0.0056106
48.82,-0.014611
48.84,-0.0076106
48.86,0.0053894
48.88,0.015389
48.9,0.012389
48.92,0.011389
48.94,0.0073894
48.96,0.0043894
48.98,-0.00061056
49,0.0013894
49.02,0.0083894
49.04,0.013389
49.06,0.020389
49.08,0.021389
49.1,0.0093894
49.12,-0.00061056
49.14,-0.012611
49.16,-0.024611
49.18,-0.024611
49.2,-0.019611
49.22,-0.016611
49.24,-0.018611
49.26,-0.022611
49.28,-0.027611
49.3,-0.030611
49.32,-0.026611
49.34,-0.022611
49.36,-0.022611
49.38,-0.032611
49.4,-0.041611
49.42,-0.051611
49.44,-0.046611
49.46,-0.043611
49.48,-0.038611
49.5,-0.032611
49.52,-0.026611
49.54,-0.020611
49.56,-0.019611
49.58,-0.018611
49.6,-0.015611
49.62,0.012389
49.64,0.040389
49.66,0.066389
49.68,0.069389
49.7,0.075389
49.72,0.077389
49.74,0.079389
49.76,0.080389
49.78,0.083389
49.8,0.077389
49.82,0.060389
49.84,0.047389
49.86,0.030389
49.88,0.028389
49.9,0.029389
49.92,0.031389
49.94,0.034389
49.96,0.036389
49.98,0.023389
50,0.0063894
50.02,-0.00061056
