          TIME           UX_2
   0.25000        1.98612E-02
   0.50000        7.50282E-02
   0.75000        0.14239
    1.0000        0.20569
    1.2500        0.26689
    1.5000        0.32557
    1.7500        0.38070
    2.0000        0.42948
    2.2500        0.46736
    2.5000        0.48878
    2.7500        0.48957
    3.0000        0.46922
    3.2500        0.43139
    3.5000        0.38245
    3.7500        0.32919
    4.0000        0.27734
    4.2500        0.23127
    4.5000        0.19435
    4.7500        0.16929
    5.0000        0.15806
    5.2500        0.16150
    5.5000        0.17892
    5.7500        0.20807
    6.0000        0.24535
    6.2500        0.28644
    6.5000        0.32694
    6.7500        0.36283
    7.0000        0.39089
    7.2500        0.40886
    7.5000        0.41553
    7.7500        0.41079
    8.0000        0.39561
    8.2500        0.37197
    8.5000        0.34261
    8.7500        0.31073
    9.0000        0.27964
    9.2500        0.25240
    9.5000        0.23150
    9.7500        0.21868
    10.000        0.21480
    10.250        0.21978
    10.500        0.23269
    10.750        0.25186
    11.000        0.27510
    11.250        0.29991
    11.500        0.32375
    11.750        0.34431
    12.000        0.35973
    12.250        0.36873
    12.500        0.37074
    12.750        0.36593
    13.000        0.35510
    13.250        0.33963
    13.500        0.32127
    13.750        0.30198
    14.000        0.28372
    14.250        0.26824
    14.500        0.25693
    14.750        0.25070
    15.000        0.24992
    15.250        0.25438
    15.500        0.26339
    15.750        0.27583
    16.000        0.29029
    16.250        0.30525
    16.500        0.31921
    16.750        0.33083
    17.000        0.33908
    17.250        0.34332
    17.500        0.34333
    17.750        0.33931
    18.000        0.33187
    18.250        0.32191
    18.500        0.31054
    18.750        0.29896
    19.000        0.28831
    19.250        0.27962
    19.500        0.27363
    19.750        0.27080
    20.000        0.27127
    20.250        0.27480
    20.500        0.28092
    20.750        0.28887
    21.000        0.29779
    21.250        0.30674
    21.500        0.31483
    21.750        0.32132
    22.000        0.32564
    22.250        0.32746
    22.500        0.32674
    22.750        0.32368
    23.000        0.31868
    23.250        0.31235
    23.500        0.30538
    23.750        0.29848
    24.000        0.29233
    24.250        0.28751
    24.500        0.28442
    24.750        0.28329
    25.000        0.28413
    25.250        0.28675
    25.500        0.29081
    25.750        0.29583
    26.000        0.30128
    26.250        0.30659
    26.500        0.31124
    26.750        0.31481
    27.000        0.31700
    27.250        0.31765
    27.500        0.31679
    27.750        0.31458
    28.000        0.31129
    28.250        0.30731
    28.500        0.30307
    28.750        0.29899
    29.000        0.29548
    29.250        0.29285
    29.500        0.29132
    29.750        0.29098
    30.000        0.29181
    30.250        0.29367
    30.500        0.29632
    30.750        0.29946
    31.000        0.30276
    31.250        0.30588
    31.500        0.30852
    31.750        0.31045
    32.000        0.31151
    32.250        0.31164
    32.500        0.31087
    32.750        0.30933
    33.000        0.30720
    33.250        0.30472
    33.500        0.30216
    33.750        0.29978
    34.000        0.29779
    34.250        0.29639
    34.500        0.29566
    34.750        0.29567
    35.000        0.29636
    35.250        0.29764
    35.500        0.29934
    35.750        0.30129
    36.000        0.30327
    36.250        0.30509
    36.500        0.30657
    36.750        0.30759
    37.000        0.30807
    37.250        0.30799
    37.500        0.30738
    37.750        0.30633
    38.000        0.30497
    38.250        0.30345
    38.500        0.30192
    38.750        0.30053
    39.000        0.29942
    39.250        0.29869
    39.500        0.29838
    39.750        0.29851
    40.000        0.29903
    40.250        0.29989
    40.500        0.30097
    40.750        0.30217
    41.000        0.30335
    41.250        0.30440
    41.500        0.30522
    41.750        0.30574
    42.000        0.30594
    42.250        0.30579
    42.500        0.30534
    42.750        0.30464
    43.000        0.30378
    43.250        0.30285
    43.500        0.30195
    43.750        0.30115
    44.000        0.30054
    44.250        0.30017
    44.500        0.30006
    44.750        0.30021
    45.000        0.30059
    45.250        0.30115
    45.500        0.30183
    45.750        0.30256
    46.000        0.30325
    46.250        0.30385
    46.500        0.30430
    46.750        0.30456
    47.000        0.30462
    47.250        0.30448
    47.500        0.30416
    47.750        0.30370
    48.000        0.30317
    48.250        0.30260
    48.500        0.30207
    48.750        0.30162
    49.000        0.30129
    49.250        0.30111
    49.500        0.30109
    49.750        0.30122
    50.000        0.30148
