                      -0.0000000577820214196041452                       0.0000000680035799006775153
                       0.0000024837095120625997850                       0.0000002352103955756325299
                       0.0000041397036372479086526                       0.0000003166233682656660346
                       0.0000059279384333842721685                       0.0000004034367810317535060
                       0.0000077142351545629711507                       0.0000004807482153029272487
                       0.0000094962989735245958935                       0.0000005573116198876021747
                       0.0000112664850966605067397                       0.0000006305483001283939082
                       0.0000129943949310107776263                       0.0000006937227295337326064
                       0.0000146658371200079928366                       0.0000007474598977148215278
                       0.0000162701184114044525774                       0.0000007924150187084174658
                       0.0000177977543852711590723                       0.0000008292756130460252221
                       0.0000192583848764010988016                       0.0000008587336935885597482
                       0.0000206413492299556342307                       0.0000008816350220000742676
                       0.0000219200375246645553086                       0.0000008987233273592814011
                       0.0000231244983788047347626                       0.0000009126730918454352002
                       0.0000242367860823232471410                       0.0000009230325824806127642
                       0.0000252099930667634232527                       0.0000009290957341322195251
                       0.0000260563445966192000079                       0.0000009319838829431714099
                       0.0000267659433628125004688                       0.0000009328399885384736578
                       0.0000273367225558376352357                       0.0000009326480235439290945
                       0.0000277441445690148174035                       0.0000009323245191027301223
